[[0, 7.174168048058018, 1.2167494286100267, 1.8935861445987396, 6.855041017211226, 9.78292292964969], [7.174168048058018, 0, 1.8991253719293664, 6.459824522142776, 4.505078446270927, 8.862567383469436], [1.2167494286100267, 1.8991253719293664, 0, 1.4732489348784847, 8.200367769638959, 6.789517518557016], [1.8935861445987396, 6.459824522142776, 1.4732489348784847, 0, 8.633227937169181, 5.332199664276322], [6.855041017211226, 4.505078446270927, 8.200367769638959, 8.633227937169181, 0, 3.8938339238405177], [9.78292292964969, 8.862567383469436, 6.789517518557016, 5.332199664276322, 3.8938339238405177, 0]]